9
7
10
6
6
1
7
2
3
8
2
8
9
5
1
2
4
10
9
5
5
2
5
5
6
4
5
7
1
4
1
10
8
6
3
6
6
4
9
1
3
7
6
7
1
8
6
1
8
3
7
3
7
5
9
6
1
8
5
9
2
8
1
3
6
7
9
3
6
6
3
5
1
8
4
2
8
3
10
2
6
5
1
5
6
10
3
9
1
7
10
7
1
9
2
3
4
4
2
5
3
5
7
10
7
10
8
10
10
2
10
6
9
10
4
2
1
7
4
6
9
10
6
9
4
6
1
2
7
5
4
10
9
1
4
1
7
2
5
10
3
9
1
7
8
3
7
2
7
10
2
1
6
4
9
9
7
5
3
9
10
6
2
2
6
10
2
9
1
4
7
4
6
3
2
7
5
10
4
5
9
7
1
8
2
6
6
2
5
5
9
3
9
6
1
10
8
7
5
9
10
9
3
2
10
5
9
8
7
4
1
6
1
8
9
9
5
2
4
4
2
7
4
10
4
9
6
7
6
10
8
2
3
4
3
4
6
7
7
2
10
4
7
10
10
7
10
1
5
4
3
2
5
10
7
7
10
8
4
2
10
3
9
9
4
2
2
2
10
3
3
6
4
3
2
9
6
8
7
5
6
7
8
9
4
2
7
10
5
8
6
8
6
8
9
9
3
7
10
9
1
6
2
8
10
6
9
9
5
9
6
6
7
4
6
5
1
